255 255 255 255 255 255 255 255 255 255 255 255 255 255 255 255
255 255 255 255 255 255 255 255 255 255 255 255 255 255 255 255
255 255   0   0   0   0   0   0   0   0   0   0   0   0 255 255
255 255   0   0   0   0   0   0   0   0   0   0   0   0 255 255
255 255   0   0   0   0   0   0   0   0   0   0   0   0 255 255
255 255   0   0   0 246 155 246 246 246 246   0   0   0 255 255
255 255   0   0   0 246  10  10  11 246 246   0   0   0 255 255
255 255   0   0   0 246 246   7  40 246 246   0   0   0 255 255
255 255   0   0   0 246 246  12  13  12 246   0   0   0 255 255
255 255   0   0   0 246 246  12 222  25 246   0   0   0 255 255
255 255   0   0   0 246 246 246 246  11 246   0   0   0 255 255
255 255   0   0   0   0   0   0   0   0   0   0   0   0 255 255
255 255   0   0   0   0   0   0   0   0   0   0   0   0 255 255
255 255   0   0   0   0   0   0   0   0   0   0   0   0 255 255
255 255 255 255 255 255 255 255 255 255 255 255 255 255 255 255
255 255 255 255 255 255 255 255 255 255 255 255 255 255 255 255
255 255 255 255 255 255 255 255 255 255 255 255 255 255 255 255
255 255 255 255 255 255 255 255 255 255 255 255 255 255 255 255
255 255   0   0   0   0   0   0   0   0   0   0   0   0 255 255
255 255   0   0   0   0   0   0   0   0   0   0   0   0 255 255
255 255   0   0   0   0   0   0   0   0   0   0   0   0 255 255
255 255   0   0   0 246 155 246 246 246 246   0   0   0 255 255
255 255   0   0   0 246  13  12  13 246 246   0   0   0 255 255
255 255   0   0   0 246 246   8  41 246 246   0   0   0 255 255
255 255   0   0   0 246 246  14  14  14 246   0   0   0 255 255
255 255   0   0   0 246 246  14 222  26 246   0   0   0 255 255
255 255   0   0   0 246 246 246 246  13 246   0   0   0 255 255
255 255   0   0   0   0   0   0   0   0   0   0   0   0 255 255
255 255   0   0   0   0   0   0   0   0   0   0   0   0 255 255
255 255   0   0   0   0   0   0   0   0   0   0   0   0 255 255
255 255 255 255 255 255 255 255 255 255 255 255 255 255 255 255
255 255 255 255 255 255 255 255 255 255 255 255 255 255 255 255
255 255 255 255 255 255 255 255 255 255 255 255 255 255 255 255
255 255 255 255 255 255 255 255 255 255 255 255 255 255 255 255
255 255   0   0   0   0   0   0   0   0   0   0   0   0 255 255
255 255   0   0   0   0   0   0   0   0   0   0   0   0 255 255
255 255   0   0   0   0   0   0   0   0   0   0   0   0 255 255
255 255   0   0   0 246 155 246 246 246 246   0   0   0 255 255
255 255   0   0   0 246  14  13  14 246 246   0   0   0 255 255
255 255   0   0   0 246 246   8  41 246 246   0   0   0 255 255
255 255   0   0   0 246 246  15  14  15 246   0   0   0 255 255
255 255   0   0   0 246 246  15 222  27 246   0   0   0 255 255
255 255   0   0   0 246 246 246 246  14 246   0   0   0 255 255
255 255   0   0   0   0   0   0   0   0   0   0   0   0 255 255
255 255   0   0   0   0   0   0   0   0   0   0   0   0 255 255
255 255   0   0   0   0   0   0   0   0   0   0   0   0 255 255
255 255 255 255 255 255 255 255 255 255 255 255 255 255 255 255
255 255 255 255 255 255 255 255 255 255 255 255 255 255 255 255

255 255 255 255 255 255 255 255 255 255 255 255 255 255 255 255
255 214 153 153 153 153 153 153 153 153 153 153 153 153 214 255
255 153   0   0   0   0   0   0   0   0   0   0   0   0 153 255
255 153   0   0   0   0   0   0   0   0   0   0   0   0 153 255
255 153   0   0   9  49  49  49  49  49  49   9   0   0 153 255
255 153   0   0  49 246 246 246 246 246 236  49   0   0 153 255
255 153   0   0  49 246 246 205 107  81 103  49   0   0 153 255
255 153   0   0  49 242 143  81  86  86 193  49   0   0 153 255
255 153   0   0  49 219  71  72  95 112 236  49   0   0 153 255
255 153   0   0  49 165  71 180 241 246 246  49   0   0 153 255
255 153   0   0  49 239 237 246 246 246 246  49   0   0 153 255
255 153   0   0   9  49  49  49  49  49  49   9   0   0 153 255
255 153   0   0   0   0   0   0   0   0   0   0   0   0 153 255
255 153   0   0   0   0   0   0   0   0   0   0   0   0 153 255
255 214 153 153 153 153 153 153 153 153 153 153 153 153 214 255
255 255 255 255 255 255 255 255 255 255 255 255 255 255 255 255
255 255 255 255 255 255 255 255 255 255 255 255 255 255 255 255
255 214 153 153 153 153 153 153 153 153 153 153 153 153 214 255
255 153   0   0   0   0   0   0   0   0   0   0   0   0 153 255
255 153   0   0   0   0   0   0   0   0   0   0   0   0 153 255
255 153   0   0   9  49  49  49  49  49  49   9   0   0 153 255
255 153   0   0  49 246 246 246 246 246 236  49   0   0 153 255
255 153   0   0  49 246 246 205 108  83 104  49   0   0 153 255
255 153   0   0  49 242 143  82  88  87 193  49   0   0 153 255
255 153   0   0  49 219  73  73  96 113 236  49   0   0 153 255
255 153   0   0  49 165  73 181 241 246 246  49   0   0 153 255
255 153   0   0  49 239 237 246 246 246 246  49   0   0 153 255
255 153   0   0   9  49  49  49  49  49  49   9   0   0 153 255
255 153   0   0   0   0   0   0   0   0   0   0   0   0 153 255
255 153   0   0   0   0   0   0   0   0   0   0   0   0 153 255
255 214 153 153 153 153 153 153 153 153 153 153 153 153 214 255
255 255 255 255 255 255 255 255 255 255 255 255 255 255 255 255
255 255 255 255 255 255 255 255 255 255 255 255 255 255 255 255
255 214 153 153 153 153 153 153 153 153 153 153 153 153 214 255
255 153   0   0   0   0   0   0   0   0   0   0   0   0 153 255
255 153   0   0   0   0   0   0   0   0   0   0   0   0 153 255
255 153   0   0   9  49  49  49  49  49  49   9   0   0 153 255
255 153   0   0  49 246 246 246 246 246 236  49   0   0 153 255
255 153   0   0  49 246 246 206 109  83 104  49   0   0 153 255
255 153   0   0  49 243 144  82  88  88 193  49   0   0 153 255
255 153   0   0  49 219  73  74  96 114 236  49   0   0 153 255
255 153   0   0  49 165  73 181 241 246 246  49   0   0 153 255
255 153   0   0  49 239 237 246 246 246 246  49   0   0 153 255
255 153   0   0   9  49  49  49  49  49  49   9   0   0 153 255
255 153   0   0   0   0   0   0   0   0   0   0   0   0 153 255
255 153   0   0   0   0   0   0   0   0   0   0   0   0 153 255
255 214 153 153 153 153 153 153 153 153 153 153 153 153 214 255
255 255 255 255 255 255 255 255 255 255 255 255 255 255 255 255

255 255 255 255 255 255 255 255 255 255 255 255 255 255 255 255
255 214 153 153 153 153 153 153 153 153 153 153 153 153 214 255
255 153   0   0   0   0   0   0   0   0   0   0   0   0 153 255
255 153   0   0   0   0   0   0   0   0   0   0   0   0 153 255
255 153   0   0   9  49  49  49  49  49  49   9   0   0 153 255
255 153   0   0  49 236 103 193 236 246 246  49   0   0 153 255
255 153   0   0  49 246  81  86 112 246 246  49   0   0 153 255
255 153   0   0  49 246 107  86  95 241 246  49   0   0 153 255
255 153   0   0  49 246 205  81  72 180 246  49   0   0 153 255
255 153   0   0  49 246 246 143  71  71 237  49   0   0 153 255
255 153   0   0  49 246 246 242 219 165 239  49   0   0 153 255
255 153   0   0   9  49  49  49  49  49  49   9   0   0 153 255
255 153   0   0   0   0   0   0   0   0   0   0   0   0 153 255
255 153   0   0   0   0   0   0   0   0   0   0   0   0 153 255
255 214 153 153 153 153 153 153 153 153 153 153 153 153 214 255
255 255 255 255 255 255 255 255 255 255 255 255 255 255 255 255
255 255 255 255 255 255 255 255 255 255 255 255 255 255 255 255
255 214 153 153 153 153 153 153 153 153 153 153 153 153 214 255
255 153   0   0   0   0   0   0   0   0   0   0   0   0 153 255
255 153   0   0   0   0   0   0   0   0   0   0   0   0 153 255
255 153   0   0   9  49  49  49  49  49  49   9   0   0 153 255
255 153   0   0  49 236 104 193 236 246 246  49   0   0 153 255
255 153   0   0  49 246  83  87 113 246 246  49   0   0 153 255
255 153   0   0  49 246 108  88  96 241 246  49   0   0 153 255
255 153   0   0  49 246 205  82  73 181 246  49   0   0 153 255
255 153   0   0  49 246 246 143  73  73 237  49   0   0 153 255
255 153   0   0  49 246 246 242 219 165 239  49   0   0 153 255
255 153   0   0   9  49  49  49  49  49  49   9   0   0 153 255
255 153   0   0   0   0   0   0   0   0   0   0   0   0 153 255
255 153   0   0   0   0   0   0   0   0   0   0   0   0 153 255
255 214 153 153 153 153 153 153 153 153 153 153 153 153 214 255
255 255 255 255 255 255 255 255 255 255 255 255 255 255 255 255
255 255 255 255 255 255 255 255 255 255 255 255 255 255 255 255
255 214 153 153 153 153 153 153 153 153 153 153 153 153 214 255
255 153   0   0   0   0   0   0   0   0   0   0   0   0 153 255
255 153   0   0   0   0   0   0   0   0   0   0   0   0 153 255
255 153   0   0   9  49  49  49  49  49  49   9   0   0 153 255
255 153   0   0  49 236 104 193 236 246 246  49   0   0 153 255
255 153   0   0  49 246  83  88 114 246 246  49   0   0 153 255
255 153   0   0  49 246 109  88  96 241 246  49   0   0 153 255
255 153   0   0  49 246 206  82  74 181 246  49   0   0 153 255
255 153   0   0  49 246 246 144  73  73 237  49   0   0 153 255
255 153   0   0  49 246 246 243 219 165 239  49   0   0 153 255
255 153   0   0   9  49  49  49  49  49  49   9   0   0 153 255
255 153   0   0   0   0   0   0   0   0   0   0   0   0 153 255
255 153   0   0   0   0   0   0   0   0   0   0   0   0 153 255
255 214 153 153 153 153 153 153 153 153 153 153 153 153 214 255
255 255 255 255 255 255 255 255 255 255 255 255 255 255 255 255

255 255 255 255 255 255 255 255 255 255 255 255 255 255 255 255
255 214 153 153 153 153 153 153 153 153 153 153 153 153 214 255
255 153   0   0   0   0   0   0   0   0   0   0   0   0 153 255
255 153   0   0   0   0   0   0   0   0   0   0   0   0 153 255
255 153   0   0   9  49  49  49  49  49  49   9   0   0 153 255
255 153   0   0  49 246 246 246 246 237 239  49   0   0 153 255
255 153   0   0  49 246 246 241 180  71 165  49   0   0 153 255
255 153   0   0  49 236 112  95  72  71 219  49   0   0 153 255
255 153   0   0  49 193  86  86  81 143 242  49   0   0 153 255
255 153   0   0  49 103  81 107 205 246 246  49   0   0 153 255
255 153   0   0  49 236 246 246 246 246 246  49   0   0 153 255
255 153   0   0   9  49  49  49  49  49  49   9   0   0 153 255
255 153   0   0   0   0   0   0   0   0   0   0   0   0 153 255
255 153   0   0   0   0   0   0   0   0   0   0   0   0 153 255
255 214 153 153 153 153 153 153 153 153 153 153 153 153 214 255
255 255 255 255 255 255 255 255 255 255 255 255 255 255 255 255
255 255 255 255 255 255 255 255 255 255 255 255 255 255 255 255
255 214 153 153 153 153 153 153 153 153 153 153 153 153 214 255
255 153   0   0   0   0   0   0   0   0   0   0   0   0 153 255
255 153   0   0   0   0   0   0   0   0   0   0   0   0 153 255
255 153   0   0   9  49  49  49  49  49  49   9   0   0 153 255
255 153   0   0  49 246 246 246 246 237 239  49   0   0 153 255
255 153   0   0  49 246 246 241 181  73 165  49   0   0 153 255
255 153   0   0  49 236 113  96  73  73 219  49   0   0 153 255
255 153   0   0  49 193  87  88  82 143 242  49   0   0 153 255
255 153   0   0  49 104  83 108 205 246 246  49   0   0 153 255
255 153   0   0  49 236 246 246 246 246 246  49   0   0 153 255
255 153   0   0   9  49  49  49  49  49  49   9   0   0 153 255
255 153   0   0   0   0   0   0   0   0   0   0   0   0 153 255
255 153   0   0   0   0   0   0   0   0   0   0   0   0 153 255
255 214 153 153 153 153 153 153 153 153 153 153 153 153 214 255
255 255 255 255 255 255 255 255 255 255 255 255 255 255 255 255
255 255 255 255 255 255 255 255 255 255 255 255 255 255 255 255
255 214 153 153 153 153 153 153 153 153 153 153 153 153 214 255
255 153   0   0   0   0   0   0   0   0   0   0   0   0 153 255
255 153   0   0   0   0   0   0   0   0   0   0   0   0 153 255
255 153   0   0   9  49  49  49  49  49  49   9   0   0 153 255
255 153   0   0  49 246 246 246 246 237 239  49   0   0 153 255
255 153   0   0  49 246 246 241 181  73 165  49   0   0 153 255
255 153   0   0  49 236 114  96  74  73 219  49   0   0 153 255
255 153   0   0  49 193  88  88  82 144 243  49   0   0 153 255
255 153   0   0  49 104  83 109 206 246 246  49   0   0 153 255
255 153   0   0  49 236 246 246 246 246 246  49   0   0 153 255
255 153   0   0   9  49  49  49  49  49  49   9   0   0 153 255
255 153   0   0   0   0   0   0   0   0   0   0   0   0 153 255
255 153   0   0   0   0   0   0   0   0   0   0   0   0 153 255
255 214 153 153 153 153 153 153 153 153 153 153 153 153 214 255
255 255 255 255 255 255 255 255 255 255 255 255 255 255 255 255
